0.06008775764682763
0.010075892859571417
0.005194935056997437
0.003652296291375664
0.0028792387464831415
0.0026171926435240556
0.0017411604261314366
0.0024998543488884894
0.0021562275614484517
0.0021716711963986005
0.001815257394607638
0.0014090476321502472
0.0013493989528694623
0.0016622805072676757
0.0013440123201728287
0.0010463496670126914
0.0010147633503230524
0.0009441289053836339
0.001745421499748465
0.0017131534575576513
0.0018767970902714092
0.0009826370095178275
0.001604315087618962
0.0010948995967776003
0.0007932103094710431
0.0006698528186641109
0.0011083154361957396
0.0010944943415971708
0.0008812245296340593
0.0008261344894032243
0.00080715136366411
0.0006300721055185291
0.001237582086755986
0.0006807178836053526
0.0010354761112953575
0.0007728327083742429
0.0006019535684354708
0.0005298175488296948
0.0008728971852409378
0.0007485724152656089
0.0010898517051213224
0.0007977746328680028
0.000536258442615959
0.0005845338727583663
0.000515656666764596
0.0004401170130504269
0.00045297750416146195
0.000548140201586443
0.0006657445640959055
0.0005012642833220602
