0.2145048442404815
0.10433511085780373
0.03897126724992352
0.02351736735678121
0.014538373860917735
0.011634258246432976
0.010015596897247132
0.009260785734553016
0.008796544637433375
0.008099542297632172
0.007519882897870817
0.00706896319643556
0.006948155230643709
0.006558830356260252
0.006365509032296219
0.006200915628046579
0.005970916292222028
0.0058681076036745244
0.005696897480413596
0.00554213903439737
0.00538009645989381
0.005169404034017958
0.005223282180335861
0.0051471538517331135
0.005234890697656499
0.0049608587566414356
0.004724804214323951
0.004720070127272204
0.004622537782241342
0.004508465404660626
0.004530654285340273
0.004437141190195798
0.004305420401558447
0.0041990817388456855
0.0042742059743973645
0.004228745770295349
0.004135951607345084
0.004058801326621672
0.004177882677913828
0.0041784641720103415
0.004164427581630396
0.0038763648753616024
0.003918827575900024
0.0039354452622656745
0.004113619966599881
0.004021061825032314
0.0037766821675476957
0.003821560736285167
0.0038888971582892234
0.003789919044836407
0.0036950702927239266
0.0037172651197412486
0.003444628782172719
0.003526989126417521
0.003620983237463437
0.003802342548764098
0.003530993256264467
0.0034689693423929843
0.0036791210151748376
0.0034473218348170264
0.003414613479915797
0.00342907892777288
0.003273744195392739
0.003430012407737055
0.003450076498635364
0.0033475747645905847
0.0032687634604630735
0.0033078459100204793
0.0032593813107422227
0.003294978946558992
0.003713586474925782
0.003479552756095033
0.0032952780179567776
0.0031445441490269444
0.0033196066698052465
0.0032405961542093797
0.003197437905696001
0.0031583618219202378
0.0031761103187607467
0.003040716880478997
0.0033275987429732686
0.0033948729215852553
0.0031496959560540286
0.0031537763043638137
0.0030679392998110267
0.0032021755863622893
0.003043481625777003
0.00306282579996501
0.002974922140913733
0.0030275766793568704
0.003060646599319097
0.0030263240522380623
0.003014719265439872
0.003003526535687431
0.0029119417770706426
0.002959174381338813
0.002955152207552996
0.0027883121419405
0.0028947370801790714
0.0029375221988374597
0.002806907028748134
0.002791218584305729
0.0028876278188414454
0.0029038020221286275
0.0028171308690940174
0.0026786274709198134
0.0027439357069310513
0.0028207464429658006
0.0030148667318237185
0.0030432240086980863
0.0028127939030458305
0.0027996725960868353
0.003028274925376815
0.0029537087578452035
0.0028318467162800637
0.003361705599931742
0.002959112059464504
0.002930503273173497
0.0028274862386969924
0.0030097231680478497
0.0032216800866850864
0.0030144012013401432
0.0027845553279425323
0.0027858786187256765
0.0028815733797304083
0.002691348036227936
0.002826437802308619
0.0028569117495406433
0.002856380386410581
0.0027662367334987006
0.0027294148977022718
0.0026908336043329944
0.0029696504025604952
0.002786716709631994
0.0026141013174007335
0.0025694498980648062
0.002659174833404884
0.0030287980792646327
0.0029688653342551394
0.0027525728857946976
0.0027388094920902215
0.0025824859131420596
0.0025757710050010167
0.0026866042322029222
0.0028560276322889973
0.0025651133845975334
0.0025357729083882847
0.0026936106931432133
0.0025697024582714287
0.0026463544718251467
0.0025009888857393785
0.0027012108207753534
0.0026413776060698856
0.0025926941721473406
0.002558136967530523
0.0025049735406546224
0.002601827105876993
0.0025350282183230926
0.0024622921415077947
0.0026106203658583012
0.002542473092389185
0.0025723173269088127
0.002634512713137135
0.0027801459724927664
0.0026058614016807036
0.002666526815892382
0.002897876367140352
0.003030283668702852
0.0026477984935812625
0.0027773242403686827
0.00256287183504454
0.0026155490374143763
0.002700795979354154
0.00254150017073957
0.002730964423132858
0.0024807094666088342
0.0024579999085920356
0.0026037888740946293
0.0025854070177336644
0.0025725393113069767
0.0024427816224692578
0.0023705475974116434
0.0023110294418081587
0.0023755190740531304
0.002537209742043293
0.002813193465719062
0.0027648175923565355
0.002864202528961756
0.0027784017090814726
0.002559818551537305
0.0026536414727624438
0.0025295845463118526
0.002685291589715619
0.002558387523823965
0.002482809048766891
0.002825934227123466
0.002614166836118263
0.002342400120131755
0.002409244507327955
0.002629870368335187
