0.06937941144102476
0.013303494309140762
0.006272722402928581
0.00462263950579603
0.003236245411172719
0.0022616805508732796
0.0028405126728589685
0.0023305742345540456
0.0016844962638291254
0.0017020153104734253
0.0016911573012844778
0.0014093894144179115
0.0014142005133744276
0.0014874673487854677
0.0015073389772483161
0.0012579609836700935
0.0015949757835289962
0.0013487252865878629
0.0012411011592812942
0.001055804781720672
0.001141059114007463
0.0016195159530083478
0.0012267584433700417
0.0009180297151955605
0.001058853805904657
0.0006636681084350591
0.0008736884332930958
0.0010838770753585957
0.0010287098701334966
0.0007344859402994036
0.0009395007175249114
0.0008042525198363082
0.0008115147889762277
0.0007205480467003416
0.0006441859248041792
0.0007263855287201808
0.0006581267617433004
0.0007338539156144563
0.0013727220890282746
0.000729064066061409
0.0006139993169148203
0.0005687239199457034
0.0007114543336850237
0.0008488880404808991
0.000985454495104266
0.000767832022475105
0.0006845106390422919
0.0005023761380227729
0.0005964369158929502
0.0004960668958644841
