0.05916984856806018
0.014185643001374874
0.00533014778894457
0.00359483826905489
0.0028908115007321945
0.0023534295403144574
0.00205136644653976
0.0018196417145769704
0.0016372375550087203
0.0015238972571255131
0.0013796694153411823
0.0012229417958720165
0.0012579826595769687
0.0011374406580051239
0.001104849438310008
0.0011239961297674613
0.001065127162093466
0.0009551823012192141
0.0009127512277865952
0.0009458539457145062
0.0008875180564990098
0.0008139988947236403
0.0007668384647166187
0.0006832160711796446
0.000715939187317748
0.0006990740837698633
0.0006664937552572651
0.0007588129257783294
0.0006225776721046052
0.0006956045621667395
0.0006201788539659571
0.0005468616389076818
0.0005534778391434388
0.0005500458519567143
0.0005782352866266262
0.0005657157924195582
0.0006132127886468714
0.0005499599681405181
0.0005611438473517244
0.0005495713674463331
0.0005820298842577772
0.0004920159170234746
0.0005083977710455656
0.00044989781877533957
0.00047283895969898863
0.0004398860735818744
0.0005068492737006058
0.0004102286231831055
0.0004772757418157364
0.0005232614211060784
0.22103045149282977
0.014626534317027439
0.008613596467131918
0.006580998494543812
0.005464457314122807
0.0051952561448243536
0.004875467912378637
0.004220812615345825
0.003947749073532495
0.0037983527661047197
0.0037719246169382876
0.003506105312738906
0.003308985365385359
0.003289095333523371
0.003175420297140425
0.003078177778727629
0.0030529574194753713
0.002951917484063994
0.0030127103652127763
0.0028817194132980976
0.002931524118916555
