0.021521237255497414
0.005491754181231513
0.003612739090440851
0.0031513784461739388
0.002945109178791895
0.0026263239525371428
0.0024943511834311666
0.002431657729726849
0.0021386549836306863
0.0019834849658901944
0.0018506825083132946
0.0016522803872993047
0.0015285729508226116
0.0013711870803187292
0.0012560327375081904
0.001098728682281393
0.0011194908063661194
0.0011197721169358401
0.0009808317744032
0.0010023790933756213
0.0008794746844972851
0.00075886423777168
0.0006763686154348155
0.0007572230216200379
0.0008968852485078528
0.0007452279519797726
0.0006703429548493164
0.000661684427706694
0.0006132165938404135
0.0006457698252757616
0.0006840686123310165
0.0005588460833568013
0.0006045477983372456
0.0006686593000212628
0.0006244816256433048
0.0006052104713903232
0.0005168790398095028
0.0005594436335024621
0.0004939626484305005
0.0006130429471588948
0.000605325613199084
0.0005577128992599407
0.0005349272890298655
0.0005386871599705156
0.0005276230857072568
0.0005245225770384864
0.0004331146677335103
0.00046518998516892844
0.0005755147827916186
0.00041893558315650534
0.11708777804266322
0.00819793947492585
0.005605877235983357
0.011206727827701605
0.004262576119579149
0.003923226380720735
0.008314375751510714
0.0036526073871011085
0.007118066307157278
0.0031176015071457987
0.0031116378465385146
0.0029564759073158107
0.0023601993311648116
0.002596448457828074
0.0021425989548195944
0.002217909356466297
0.0023623339648386745
0.0019535489422692494
0.0018053073083248103
0.0017790484037532499
0.001650868960882001
0.0015375518035425832
0.0015397487441077828
0.0012653339125046675
0.0012441738543919091
0.0015857656465165994
0.0015463184276031275
0.0011903447360082557
0.0013582985565969439
