0.1099795501679182
0.00877305124886334
0.005270136403851211
0.003923758550081402
0.003280558157712221
0.002813345962204039
0.002596977062057704
0.0023969303350895644
0.0022002662415616216
0.0020344818651210515
0.0019116717798169703
0.001818499475484714
0.0017261763277929276
0.001649613684276119
0.0015282147272955627
0.0014835627458523958
0.0014931049314327537
0.0013491728925146163
0.0012769684253726155
0.0013109450519550592
0.0012153117277193815
0.10681623220443726
0.008288026810623706
0.005028457008302211
0.003860673459712416
0.0031517485738731922
0.0027495639049448075
0.0024878429947420956
0.0022064591641537843
0.0019988641783129425
0.0019164998899213969
0.0017209775920491665
0.0016692415811121464
0.001515411981381476
0.0014659078151453286
0.0014237659808713943
0.0013565191125962882
0.0012524422549176962
0.001268828980391845
0.0011867556779179723
0.0011706528312060982
0.0011240312654990704
